100
9911000000000 32532000000000 7920000000000
16300000000000 22800000000000 28800000000000
332000000000 3984000000000 23040000000000
35094000000000 32328000000000 38880000000000
4804000000000 14448000000000 2880000000000
28114000000000 34968000000000 24480000000000
24222000000000 31464000000000 30240000000000
15609000000000 14508000000000 6480000000000
5501000000000 22812000000000 29520000000000
19839000000000 22068000000000 28080000000000
12864000000000 24768000000000 17280000000000
39196000000000 38352000000000 11520000000000
19645000000000 19740000000000 18000000000000
6412000000000 33744000000000 37440000000000
14822000000000 5064000000000 1440000000000
9391000000000 26292000000000 22320000000000
21715000000000 1380000000000 39600000000000
20312000000000 27744000000000 23040000000000
36092000000000 1104000000000 23040000000000
23699000000000 25188000000000 42480000000000
35877000000000 41724000000000 41040000000000
3430000000000 41160000000000 7200000000000
6627000000000 36324000000000 19440000000000
33081000000000 8172000000000 15120000000000
40684000000000 13008000000000 2880000000000
6059000000000 29508000000000 42480000000000
20176000000000 26112000000000 11520000000000
29448000000000 7776000000000 34560000000000
22888000000000 15456000000000 20160000000000
25106000000000 42072000000000 18720000000000
24669000000000 36828000000000 6480000000000
37847000000000 22164000000000 33840000000000
33666000000000 15192000000000 4320000000000
29521000000000 8652000000000 720000000000
34154000000000 21048000000000 10080000000000
30131000000000 15972000000000 7920000000000
2780000000000 33360000000000 14400000000000
12084000000000 15408000000000 17280000000000
14979000000000 6948000000000 28080000000000
33571000000000 14052000000000 22320000000000
34772000000000 28464000000000 23040000000000
1816000000000 21792000000000 11520000000000
921000000000 11052000000000 15120000000000
35984000000000 43008000000000 31680000000000
33396000000000 11952000000000 25920000000000
18061000000000 732000000000 720000000000
20480000000000 29760000000000 14400000000000
34468000000000 24816000000000 20160000000000
28276000000000 36912000000000 11520000000000
40397000000000 9564000000000 12240000000000
14830000000000 5160000000000 7200000000000
33462000000000 12744000000000 30240000000000
42590000000000 35880000000000 36000000000000
11220000000000 5040000000000 0
17567000000000 38004000000000 33840000000000
40299000000000 8388000000000 28080000000000
25121000000000 42252000000000 29520000000000
32202000000000 40824000000000 30240000000000
13245000000000 29340000000000 32400000000000
33070000000000 8040000000000 7200000000000
17004000000000 31248000000000 17280000000000
12216000000000 16992000000000 25920000000000
9031000000000 21972000000000 22320000000000
20335000000000 28020000000000 39600000000000
5308000000000 20496000000000 20160000000000
28878000000000 936000000000 12960000000000
729000000000 8748000000000 6480000000000
39402000000000 40824000000000 30240000000000
40253000000000 7836000000000 38160000000000
5577000000000 23724000000000 41040000000000
32381000000000 42972000000000 29520000000000
2473000000000 29676000000000 9360000000000
37875000000000 22500000000000 10800000000000
28565000000000 40380000000000 3600000000000
3741000000000 1692000000000 15120000000000
3991000000000 4692000000000 22320000000000
8937000000000 20844000000000 41040000000000
28569000000000 40428000000000 6480000000000
36830000000000 9960000000000 36000000000000
14817000000000 5004000000000 41040000000000
35347000000000 35364000000000 5040000000000
16728000000000 27936000000000 34560000000000
37301000000000 15612000000000 29520000000000
6374000000000 33288000000000 10080000000000
26989000000000 21468000000000 35280000000000
32658000000000 3096000000000 12960000000000
28424000000000 38688000000000 31680000000000
8522000000000 15864000000000 1440000000000
32934000000000 6408000000000 38880000000000
514000000000 6168000000000 24480000000000
23225000000000 19500000000000 3600000000000
39473000000000 41676000000000 38160000000000
15533000000000 13596000000000 38160000000000
31411000000000 31332000000000 22320000000000
18573000000000 6876000000000 23760000000000
7697000000000 5964000000000 12240000000000
30928000000000 25536000000000 20160000000000
41946000000000 28152000000000 4320000000000
25406000000000 2472000000000 18720000000000
17734000000000 40008000000000 24480000000000